0101000
0110000
0111000
0111001
0111002
0112000
0112001
0112002
0112003
0120000
0121000
0122000
0123000
0125000
0126000
0126001
0130000
0131000
0140000
0141000
0141001
0142000
0142001
0142002
0143000
0144000
0145000
0145001
0146000
0146001
0146002
0150000
0151000
0152000
0152001
0152002
0153000
0153001
0154000
0154001
0501000
0510000
1111111
0301000
0310000
0311000
1400000
1401000
1402000
1410000
1411000
1412000
1412001
1413000
1413001
1414000
1414001
1414002
1415000
1416000
1417000
1417001
1418000
1419000
1420000
1421000
1422000
1423000
1424000
1424001
1424002
1425000
1426000
1426001
1427000
1427001
1428000
1428001
1429000
1429001
1430000
1431000
1432000
1433000
1434000
1435000
3400000
3401000
3410000
3411000
3412000
3413000
3414000
3415000
3416000
3417000
3417100
3417101
3418000
3418001
3418002
3419000
3420000
3420001
3421000
3422000
3423000
3424000
3425000
3426000
3426001
3427000
3427001
3428000
3428001
3428002
3429000
3600000
3601000
3610000
3611000
3611001
3612000
3613000
3613001
3614000
3615000
3616000
3617000
3617001
3618000
3619000
3619001
3620000
3621000
3622000
3623000
3624000
3625000
3626000
3626001
3626002
3627000
3627001
3628000
3628001
3629000
3629001
3630000
3631000
3632000
3633000
3633001
3633002
3634000
3634001
3635000
3636000
4100000
4101000
4101001
4101002
4102000
4102001
4102002
4111000
4112000
4113000
4114000
4114001
4115000
4115001
4116000
4117000
4117001
4118000
4118001
4118002
4119000
4119100
4119101
4120000
4121000
4121001
4122000
4123000
4124000
4125000
4127000
4128000
4128001
4128002
4129000
4130000
4131000
4131001
4132000
4132001
4133000
4133001
4134000
4135000
4136000
4137000
4138000
4140000
4141000
4141001
4300000
4301000
4301001
4310000
4310001
4310002
4310003
4311000
4312000
4313000
4314000
4314001
4314002
4314003
4314100
4314101
4315000
4315001
4315002
4315003
4315004
4316000
4316001
4316002
4317000
4317001
4318000
4319000
4319001
4319100
4320000
4320001
4320002
4321000
4322000
4322001
4322002
4323000
4324000
4324001
4325000
4326000
4327000
4327001
4327002
4327003
4327004
4327005
4328000
4329000
4329001
4330000
4330001
4330002
4331000
4331001
4332000
4333000
4333001
4333002
4334000
4334001
4334002
4334003
4335000
4336000
4336001
4337000
4337001
4337002
4338000
4338001
4338002
4338003
4339000
4339001
4339002
4500000
4501000
4502000
4503000
4510000
4510001
4510002
4510003
4511000
4512000
4514000
4515000
4516000
4516001
4516002
4516003
4517000
4518000
4518001
4519000
4519001
4519002
4519003
4520000
4521000
4522000
4522001
4523000
4523001
4523002
4523003
4524000
4524001
4524002
4525000
4525001
4526000
4526001
4527000
4527001
4527002
4528000
4528001
4529000
4530000
4531000
4532000
4532001
4534000
4534001
4534002
4534003
4535000
4535001
4536000
4537000
4538000
4538001
4538002
4539000
4540000
4540001
4541000
4541001
4542000
4543000
4544000
4544001
4545000
4545001
4546000
4546001
4546002
4547000
4548000
4800000
4801000
4801001
4810000
4810001
4810002
4810003
4810004
4811000
4812000
4812001
4812002
4812003
4813000
4814000
4815000
4815001
4815002
4815003
4815004
4816000
4816001
4816002
4817000
4818000
4819000
4820000
4821000
4821001
4822000
4823000
4824000
4825000
4826000
4827000
4827001
6200000
6201000
6202000
6203000
6210000
6210001
6210002
6211000
6212000
6212001
6213000
6214000
6214001
6215000
6215001
6216000
6217000
6217001
6217002
6218000
6219000
6219001
6220000
6220001
6221000
6222000
6222001
6223000
6224000
6224001
6225000
6226000
6227000
6227001
7100000
7101000
7101001
7101002
7102000
7102001
7102002
7102003
7102004
7110000
7110001
7110002
7110003
7111000
7112000
7113000
7113001
7113002
7113003
7114000
7115000
7115001
7116000
7116001
7117000
7117001
7118000
7119000
7120000
7120001
7121000
7122000
7123000
7125000
7126000
7127000
7127001
7128000
7128001
7130000
7130001
7130002
7131000
7132000
7133000
7133100
7133101
7133102
7134000
7134001
7134002
7134003
7134004
7134005
7135000
7136000
7400000
7401000
7401001
7402000
7410000
7410001
7410002
7410003
7410004
7411000
7411001
7412000
7412001
7412002
7413000
7413001
7414000
7414001
7415000
7415001
7415002
7416000
7416001
7417000
7417001
7417002
7417003
7417004
7417005
7418000
7418001
7418002
7419000
7419001
7419002
7420000
7420001
7421000
7421001
7421002
7422000
7422001
7422002
7423000
7423001
7423002
7424000
7424001
7424002
7425000
7425001
7426000
7426001
7427000
7427001
7428000
7428001
7428002
7428003
7429000
7429001
7429002
7429003
7430000
7431000
7431001
7432000
7432001
7433000
7433001
7433002
7800000
7801000
7810000
7810001
7811000
7812000
7812001
7813000
7813001
7814000
7814001
7815000
7815001
7815002
7815003
7816000
7816001
7816002
7817000
7818000
7819000
7819001
7820000
7821000
7821001
7821002
7821100
7821101
7822000
7823000
7823001
7824000
7824001
7825000
7825001
7825002
7826000
7827000
7828000
7828001
7829000
7829001
7830000
7831000
7831001
7832000
7832001
7833000
7834000
7834001
7835000
7835001
7835002
7835003
7835004
7835005
7836000
7837000
7837001
7837002
7838000
7838001
7839000
7839001
7839002
7840000
7841000
7841001
7842000
2222222
1000000
1001000
1001001
1001002
1001003
1001004
1001005
1010000
1010001
1011000
1012000
1012001
1013000
1013001
1014000
1014001
1015000
1015001
1015002
1015003
1016000
1017000
1017001
1018000
1019000
1020000
1020001
1021000
1022000
1023000
1024000
1025000
1026000
1026001
1027000
1028000
1029000
1030000
1031000
1031001
1032000
1032001
1033000
1034000
1034001
1034002
2500000
2501000
2501001
2510000
2510001
2511000
2512000
2512001
2513000
2514000
2514001
2514002
2515000
2516000
2517000
2517001
2517002
2517003
2518000
2519000
2520000
2521000
2522000
2522001
2522002
2523000
2523100
2524000
2525000
2526000
2526001
2527000
2528000
2529000
2529001
2530000
2530001
2531000
2532000
2532001
2532002
2534000
2534001
2535000
2536000
3100000
3101000
3101001
3101002
3110000
3110001
3110002
3111000
3111001
3111002
3111003
3112000
3112001
3113000
3114000
3115000
3116000
3117000
3117001
3117002
3118000
3118001
3118002
3119000
3120000
3120001
3121000
3121001
3121002
3122000
3123000
3124000
3125000
3126000
3127000
3127001
3128000
3129000
3129001
3129100
3129101
3130000
3131000
3132000
3800000
3810000
3810001
3811000
3811001
3812000
3812001
3813000
3814000
3815000
3816000
3817000
3817001
3818000
3819000
3820000
5300000
5301000
5310000
5311000
5311001
5311002
5312000
5313000
5313001
5314000
5315000
5316000
5317000
5318000
5318001
5319000
5320000
5321000
5322000
5322001
5323000
5323001
5324000
5325000
5325001
5326000
5327000
5328000
5328001
5328002
5329000
5329001
5329002
5330000
5330001
5331000
5332000
5332001
5333000
5333001
5334000
5334001
5335000
5336000
5337000
5338000
5338001
5339000
5339001
5340000
5341000
5341001
5342000
5342001
5342002
5342003
5342004
5343000
5343001
5343002
5344000
5345000
5346000
5347000
5500000
5501000
5510000
5511000
5512000
5513000
5514000
5514001
5514002
5514003
5515000
5516000
5517000
5518000
5519000
5520000
5520001
5521000
5522000
5523000
5524000
5525000
5525001
5526000
5526001
5527000
5528000
5529000
5529001
5529002
5530000
5531000
5532000
5533000
5533001
6000000
6001000
6010000
6010001
6011000
6012000
6013000
6013001
6013002
6014000
6015000
6015001
6016000
6017000
6018000
6018001
6019000
6019001
6020000
6021000
6022000
6022001
6023000
6023001
6024000
6025000
6025001
6026000
6027000
6027001
6027002
6028000
6028001
6028002
6028003
6028004
6029000
6029001
6030000
6031000
6400000
6401000
6410000
6410001
6411000
6411001
6411002
6412000
6413000
6414000
6415000
6415001
6415002
6416000
6416001
6416002
6417000
6418000
6418001
6418002
6419000
6419001
6420000
6420001
6420002
6421000
6421001
6421002
6422000
6423000
6423001
6423002
6424000
6424001
6424002
6424003
6425000
6425001
6426000
6426100
6426101
6427000
6427001
6428000
6429000
6429001
6430000
6431000
6431001
6432000
6432100
6433000
6433001
6433002
6434000
6434001
6434002
6435000
6436000
6436001
6436002
6437000
6437001
6438000
6439000
6440000
6440001
6440002
6441000
6441001
6441002
6442000
6443000
6444000
6444001
6444002
6700000
6701000
6701001
6701002
6701003
6710000
6711000
6712000
6713000
6714000
6715000
6715001
6715002
6716000
6717000
6717001
6718000
6719000
6719001
6719002
6720000
6721000
6722000
6723000
6723001
6724000
6725000
6726000
6726100
6726101
6727000
6727001
6728000
6728001
6728002
6729000
6729001
6730000
6730001
6731000
6732000
6732001
8000000
8001000
8001001
8002000
8002001
8010000
8011000
8012000
8012001
8013000
8014000
8015000
8015001
8016000
8016001
8017000
8017001
8018000
8018001
8019000
8019001
8020000
8020001
8021000
8022000
8023000
8023001
8024000
8024001
8024002
8025000
8026000
8027000
8028000
8029000
8030000
8031000
8032000
8033000
8034000
8300000
8301000
8310000
8310001
8310002
8311000
8312000
8312001
8313000
8314000
8314001
8314002
8315000
8316000
8316001
8316002
8317000
8318000
8319000
8320000
8321000
8322000
8323000
8324000
8325000
8326000
8326001
8327000
8327001
8328000
8329000
8330000
8331000
8331001
8900000
8901000
8901001
8901002
8910000
8910001
8911000
8912000
8912001
8913000
8914000
8914001
8914002
8915000
8916000
8916001
8916100
8917000
8918000
8919000
8920000
8921000
8921001
8921002
8922000
8923000
8924000
8925000
8925001
8926000
8926001
8926002
8927000
8928000
8929000
8929001
8929002
8930000
8930001
8930002
8930003
8930004
8931000
8931001
8932000
8933000
8933001
8934000
8934001
8935000
8936000
8937000
8938000
8938001
8938002
9200000
9201000
9202000
9202001
9210000
9210001
9210002
9211000
9211001
9211002
9212000
9212001
9212002
9212003
9212004
9213000
9213001
9213002
9214000
9215000
9216000
9217000
9218000
9218001
9218002
9219000
9219001
9220000
9221000
9222000
9223000
9223001
9223002
9224000
9224001
9224002
9224003
9224004
9225000
9225001
9226000
9227000
9227001
9227002
9227003
9228000
9228001
9229000
9230000
9230001
9230002
9230003
9231000
9231001
9231002
9232000
9232001
9233000
9234000
9234001
9234002
9234003
9235000
9235001
9236000
9237000
9237001
9238000
9239000
9239001
9239002
9239003
9240000
9240001
9240002
3333333
1200000
1201000
1210000
1211000
1212000
1213000
1214000
1214001
1214002
1214003
1215000
1700000
1701000
1701001
1710000
1711000
1712000
1713000
1714000
1715000
1715100
1715200
1716000
1717000
1717001
1718000
1718001
1720000
1720001
1721000
1722000
1723000
1724000
1724001
1725000
1725001
1725002
1726000
1726001
1726002
1727000
1728000
1729000
1730000
1730001
1731000
1731001
1731002
1732000
1733000
1734000
1734001
1735000
1735001
1736000
1736001
1737000
1738000
1739000
1740000
1740001
1741000
1742000
1743000
1744000
1744001
1744002
2100000
2101000
2110000
2110001
2111000
2111001
2111002
2112000
2112001
2113000
2114000
2114001
2115000
2115001
2115002
2116000
2116001
2117000
2118000
2118001
2119000
2120000
2122000
2122001
2122002
2122003
2123000
2123001
2124000
2125000
2126000
2126001
2126002
2127000
2127001
2127002
2128000
2128001
2128002
2128003
2129000
2130000
2130001
2131000
2132000
2133000
2134000
2134001
2135000
2135001
2135002
2136000
2700000
2701000
2702000
2702001
2710000
2710001
2710002
2710003
2711000
2711001
2712000
2713000
2713001
2714000
2714001
2714002
2715000
2716000
2717000
2717001
2718000
2719000
2719001
2719002
2720000
2721000
2721001
2722000
2723000
2723001
2723002
2724000
2725000
2726000
2727000
2727001
2728000
2729000
2730000
2731000
2732000
2733000
2733001
2733002
2734000
2735000
2735001
2736000
2737000
2737001
2737002
2900000
2901000
2901001
2901002
2901003
2910000
2910001
2910002
2911000
2912000
2913000
2914000
2914001
2915000
2915001
2916000
2916001
2917000
2918000
2918001
2918002
2919000
2919001
2920000
2921000
2921001
2921002
2922000
2922001
2922002
2923000
2924000
2924001
2925000
2926000
2927000
2928000
2929000
2930000
2931000
5700000
5701000
5702000
5702001
5710000
5710001
5710002
5711000
5711001
5712000
5713000
5713001
5713002
5714000
5715000
5715001
5716000
5717000
5718000
5719000
5720000
5720001
5721000
5722000
5723000
5723001
5724000
5725000
5725001
5726000
5726001
5727000
5728000
5728001
5729000
5730000
5731000
5731001
5732000
5732001
5732002
8500000
8501000
8510000
8510001
8511000
8512000
8513000
8514000
8515000
8516000
8517000
8518000
8519000
8520000
8521000
8522000
8523000
8524000
8524001
8525000
8525001
8526000
8527000
8528000
8529000
8530000
8531000
8700000
8701000
8702000
8710000
8710001
8710002
8711000
8711001
8711002
8712000
8713000
8715000
8715001
8716000
8717000
8717001
8717002
8718000
8719000
8720000
8720100
8720101
8721000
8722000
8723000
8723001
8723002
8723003
9600000
9601000
9610000
9612000
9614000
9616100
9618000
9619000
9622000
9623000
9623001
9623002
9625000
9626000
9628000
9631000
9631001
9602000
9611000
9613000
9616000
9617000
9624000
9629000
9630000
9632000
9603000
9603001
9615000
9620000
9627000
9627001
9627002
9800000
9801000
9802000
9802001
9803000
9804000
9805000
9806000
9806001
9807000
9808000
9809000
9810000
9811000
9811001
9811002
9812000
9813000
9813001
9814000
9815000
9816000
9816001
9817000
9818000
9819000
9819001
9819002
9819003
9820000
9820001
9821000
9822000
9822001
9822002
9823000
9823001
9823002
9824000
9824001
9824002
9824003
9825000
9826000
9826001
9826002
9827000
9827001
9828000
9828001
9828002
9828003
9828004
9829000
9830000
9830001
9831000
9831001
9832000
9832001
9832002
9833000
9833001
9834000
9835000
9835001
9835002
9835003
9835004
9835005
9835006
9836000
9837000
9837001
9838000
9839000
9840000
9840001
9840002
9841000
9841001
9841002
9841003
9842000
9843000
9844000
9845000
9845001
9846000
9847000
9847001
9847002
9847003
9848000
9849000
9849001
9850000
9851000
9851001
9851002
9851003
9852000
9853000
9854000
9855000
9855001
9856000
9857000
9858000
9859000
9859001
9860000
9860001
9860002
9860003
9861000
9861001
9862000
9862001
9862002
9863000
9864000
9865000
9865001
9866000
9867000
9868000
9869000
9869001
9870000
9871000
9871001
9872000
9873000
9874000
9874001
9874002
9875000
9875001
9876000
9876001
9877000
9877001
9877002
9878000
9879000
9879001
9879002